0 0.237500 0.429688 0.003125 0.003125
0 0.277344 0.421094 0.001563 0.001563
0 0.327344 0.408594 0.001563 0.001563
0 0.358594 0.403906 0.001563 0.001563
0 0.403125 0.394531 0.003125 0.001563
0 0.418750 0.391406 0.003125 0.001563
0 0.445312 0.385156 0.003125 0.001563
0 0.460938 0.382031 0.003125 0.001563
0 0.298438 0.489844 0.003125 0.001563
0 0.339844 0.475781 0.001563 0.001563
0 0.382031 0.455469 0.001563 0.001563
0 0.405469 0.442969 0.001563 0.001563
0 0.442188 0.427344 0.000000 0.001563
0 0.458594 0.421094 0.001563 0.001563
0 0.486719 0.410156 0.001563 0.001563
0 0.500781 0.403906 0.001563 0.001563
0 0.361719 0.503906 0.001563 0.001563
0 0.408594 0.478906 0.001563 0.001563
0 0.441406 0.461719 0.001563 0.001563
0 0.726562 0.407031 0.000000 0.001563
0 0.485156 0.442969 0.001563 0.001563
0 0.508594 0.427344 0.001563 0.001563
0 0.522656 0.417969 0.001563 0.001563
0 0.464062 0.535156 0.000000 0.001563
0 0.503125 0.505469 0.003125 0.001563
0 0.531250 0.482812 0.003125 0.003125
0 0.561719 0.467187 0.001563 0.003125
0 0.582812 0.452344 0.000000 0.001563
0 0.595313 0.441406 0.000000 0.001563
0 0.609375 0.428125 0.003125 0.003125
0 0.539844 0.860938 0.010937 0.009375
0 0.583594 0.750781 0.004687 0.004687
0 0.632031 0.639062 0.001563 0.003125
0 0.657813 0.580469 0.003125 0.001563
0 0.674219 0.529687 0.001563 0.003125
0 0.684375 0.502344 0.000000 0.001563
0 0.697656 0.474219 0.001563 0.001563
0 0.705469 0.457031 0.001563 0.001563
0 0.713281 0.442969 0.001563 0.001563
0 0.718750 0.429688 0.000000 0.000000
0 0.723437 0.417187 0.003125 0.003125
